Some((
    red: 0.7344739,
    green: 0.7208725,
    blue: 0.7208725,
    alpha: 1.0,
))