Some((
    red: 0.3874334,
    green: 0.34490818,
    blue: 0.527146,
))